863	247	4	80	116	726	860	528	849	317	201	530
234	399	82	120	940	401	230	344	523	573	793	481
118	17	109	290	779	333	447	903	553	111	477	894
733	458	547	63	675	21	323	481	507	634	878	548
84	557	357	663	994	15	346	261	997	971	201	540
867	29	691	668	209	288	125	929	220	379	631	143
496	808	478	45	27	576	778	256	555	939	174	604
842	561	574	831	190	231	227	499	330	798	105	792
419	372	721	192	501	522	293	932	572	598	721	243
702	15	291	231	787	570	755	706	680	381	555	167
928	14	259	819	567	833	365	399	183	89	76	877
218	596	760	107	579	2	546	209	526	478	669	390
647	862	768	342	824	325	234	788	419	30	299	619
558	477	690	730	897	396	282	368	469	156	545	452
315	488	441	117	657	379	567	65	935	780	561	839
321	961	163	879	828	689	669	999	25	177	266	257
244	291	550	523	127	106	112	386	784	335	478	84
445	535	254	767	428	898	933	581	283	114	297	943
701	743	639	617	582	142	248	763	347	205	915	951
189	337	30	534	778	301	342	124	385	343	492	991
459	489	575	884	238	615	160	119	341	149	351	123
727	540	809	963	908	717	682	40	30	571	762	340
792	366	944	471	370	698	242	183	28	393	828	300
334	578	944	69	42	466	472	61	551	816	14	866
966	173	917	92	823	480	532	951	403	907	66	309
301	882	56	38	501	671	728	240	810	337	497	844
694	850	712	889	490	47	284	959	57	335	28	275
23	780	260	61	475	223	558	102	102	308	553	191
14	133	523	711	75	83	127	872	166	102	694	630
131	39	576	775	1	493	914	600	168	468	653	724
688	653	728	637	303	621	451	37	526	181	998	662
103	307	471	480	346	419	838	63	98	998	803	662
48	607	249	881	619	576	488	881	917	319	601	462
845	939	702	290	805	848	149	601	77	341	779	381
620	708	180	360	312	497	887	970	696	63	957	243
331	753	328	361	287	928	617	225	532	867	777	65
847	676	903	797	277	217	192	544	426	921	339	772
955	863	475	920	443	952	845	613	729	311	258	210
310	503	5	376	280	68	967	66	951	933	699	596
235	273	657	458	456	319	508	733	293	505	542	856
215	558	2	394	686	150	464	797	547	389	915	832
157	446	651	875	64	790	149	473	197	392	346	321
504	44	307	891	161	349	533	945	366	604	427	326
460	728	373	956	367	993	295	794	822	469	101	567
918	363	878	584	874	948	827	611	96	630	276	890
512	37	865	861	715	905	995	27	21	811	884	525
448	818	936	396	101	641	396	581	839	446	363	605
957	159	298	850	769	729	924	528	804	525	674	662
622	214	618	881	671	232	440	336	61	430	458	259
257	590	650	772	528	580	888	48	990	560	650	232
13	858	942	43	204	14	89	465	952	231	439	355
469	81	685	921	561	612	450	510	935	784	325	461
329	964	702	579	183	174	199	855	592	954	809	299
436	51	165	599	984	751	546	304	376	329	324	344
130	750	272	162	159	689	400	942	879	735	881	989
812	868	72	190	537	382	833	957	308	751	785	261
384	184	740	840	220	474	334	381	424	520	435	476
323	492	178	467	491	364	238	27	115	386	787	286
208	438	310	935	948	824	239	194	231	510	991	810
118	854	169	727	425	478	779	780	661	219	131	595
562	714	293	412	948	855	797	697	429	295	749	820
931	391	600	127	270	723	212	766	552	910	181	729
806	861	747	795	308	77	588	652	321	932	287	427
531	420	890	700	90	182	257	651	925	344	537	635
191	190	883	648	459	443	245	83	611	144	344	164
878	616	589	711	771	41	73	597	353	401	481	599
273	658	993	864	278	377	991	396	308	299	385	784
718	466	640	77	494	956	173	365	268	863	974	683
29	844	867	895	423	245	727	592	316	978	953	467
899	444	226	402	480	889	509	499	566	564	676	768
65	209	548	999	595	102	877	275	866	984	763	435
831	263	142	862	918	569	278	332	397	657	569	89
636	387	291	912	875	52	830	904	700	58	983	408
364	150	243	714	220	930	897	536	85	722	251	364
68	543	775	204	620	360	490	879	157	319	544	376
684	508	304	830	421	275	845	593	827	836	995	968
967	888	293	431	730	478	382	693	805	427	962	35
639	213	430	621	286	33	688	567	178	98	587	215
456	928	290	432	491	29	438	484	220	594	731	289
553	124	965	374	411	177	862	186	164	697	620	723
355	32	443	492	976	737	52	912	908	792	883	188
844	383	515	137	904	628	979	1	804	531	58	41
203	25	799	456	582	402	977	517	379	795	874	785
941	893	906	253	296	447	691	647	35	182	103	1000
135	553	586	109	618	185	766	341	652	970	847	280
530	309	113	31	695	109	92	319	651	116	152	128
282	981	929	32	610	56	934	437	836	934	151	680
984	92	533	832	623	200	885	340	352	417	331	711
548	857	907	472	494	765	871	564	195	776	745	770
51	778	709	676	304	417	514	698	601	360	56	262
663	540	704	264	152	940	760	93	3	505	186	531
284	532	435	913	440	19	666	53	991	812	487	819
112	89	676	845	359	485	467	865	775	182	12	28
981	843	854	901	696	812	932	92	347	24	954	837
627	99	421	774	311	187	798	651	72	821	682	127
247	674	24	991	857	158	648	383	124	67	361	70
347	19	656	963	434	704	584	125	194	394	468	836
98	370	250	831	483	827	297	220	684	346	882	56
176	22	163	796	357	433	324	457	452	644	164	212
393	560	528	834	455	797	632	877	201	952	926	393
458	139	29	224	215	191	271	391	41	997	766	479
677	228	710	72	444	520	343	741	991	293	629	81
179	440	97	163	195	292	67	979	537	415	904	316
862	442	842	148	327	787	949	141	472	638	800	604
717	73	412	737	30	27	728	338	644	780	954	816
938	590	314	428	231	971	918	852	80	791	952	763
50	431	444	35	37	504	828	746	206	15	207	462
164	115	765	692	947	376	184	842	49	243	821	142
420	817	967	668	182	15	31	735	333	764	82	972
905	742	210	771	537	1	54	710	277	741	432	943
148	131	458	433	797	798	227	422	174	442	163	487
6	326	476	772	741	905	412	237	96	976	715	837
256	803	875	654	469	520	827	791	335	325	779	807
515	615	600	184	281	115	506	843	188	246	459	603
866	619	446	200	751	218	792	135	303	862	972	923
65	92	240	907	565	214	280	516	49	61	199	810
328	841	721	57	708	733	122	640	785	760	110	390
516	113	194	525	908	405	583	566	3	910	591	580
332	637	596	929	392	599	55	242	825	541	746	691
656	205	178	762	283	541	182	524	208	6	552	364
678	862	161	238	405	344	382	681	289	923	807	348
889	431	81	40	282	344	285	259	996	229	848	259
491	203	717	861	566	183	875	802	193	653	640	590
816	676	451	62	207	879	223	42	568	26	740	49
33	358	312	434	989	251	415	232	66	563	907	580
286	562	733	26	708	469	281	699	202	139	986	236
67	824	351	665	974	735	181	361	817	506	798	648
301	666	601	573	86	661	67	448	4	450	988	25
221	279	612	201	470	568	806	271	128	710	530	21
617	999	77	290	896	366	876	802	462	645	613	401
512	383	545	831	67	734	277	265	403	86	987	769
951	481	561	853	58	956	678	231	448	626	648	286
727	979	982	672	791	729	839	92	279	863	938	946
967	573	606	355	491	699	463	839	6	737	283	178
199	798	99	622	91	162	492	430	874	475	28	195
366	356	752	397	591	284	625	803	468	719	191	300
600	431	257	455	524	984	140	341	495	142	765	445
970	767	888	780	762	665	125	345	785	774	602	819
478	766	876	876	493	553	394	790	856	738	58	710
591	605	428	582	968	645	243	309	366	874	771	253
995	67	36	373	238	892	475	840	709	549	749	656
321	443	351	28	73	389	766	422	589	240	35	78
892	408	282	137	219	40	787	812	187	532	851	599
94	845	37	945	852	318	944	96	412	437	78	135
132	585	922	607	133	644	505	737	26	74	50	186
785	648	584	628	264	177	810	394	915	914	871	323
631	165	727	178	557	678	446	966	214	178	883	363
965	891	430	116	598	917	249	731	145	351	683	738
275	36	509	301	371	563	208	151	988	496	285	990
536	773	608	234	525	222	854	356	230	194	101	459
32	660	968	693	780	513	39	63	173	46	629	796
335	903	979	192	371	519	932	469	67	845	331	780
404	989	688	535	864	403	946	117	965	727	547	84
601	941	857	326	480	965	732	597	319	401	391	668
495	818	986	599	214	156	588	396	716	85	650	14
958	715	105	429	960	101	108	693	781	656	755	865
346	690	489	717	49	569	758	698	429	37	215	100
815	193	782	736	216	292	607	457	301	877	711	31
774	469	155	692	57	113	217	29	892	620	609	683
267	718	427	118	724	605	486	130	651	240	89	827
428	246	193	307	771	737	649	184	644	871	314	263
562	881	679	421	613	663	100	712	54	191	644	470
280	663	389	709	422	100	81	203	312	886	347	770
255	17	341	227	401	153	779	343	97	677	971	966
560	130	385	237	961	828	309	323	62	167	475	367
965	426	566	352	823	791	577	997	334	494	724	839
41	847	259	394	133	745	121	339	319	461	941	951
850	126	680	525	202	940	102	63	66	144	729	428
916	18	121	246	524	544	494	607	101	861	655	929
702	427	160	678	811	991	396	776	951	779	569	802
637	825	314	921	337	701	426	438	42	796	392	504
785	354	9	348	347	90	800	893	982	931	769	8
193	626	498	361	610	505	633	290	247	398	749	209
765	427	743	765	826	862	475	958	530	849	852	807
453	56	972	106	195	549	484	166	378	826	362	698
731	732	568	841	660	231	34	135	320	932	121	460
790	588	643	992	103	97	178	539	844	365	127	843
758	480	61	742	619	912	871	613	94	898	723	160
571	976	976	68	602	950	421	959	890	534	826	950
776	713	984	380	165	691	284	818	426	149	416	477
403	62	688	115	688	36	714	526	62	7	915	850
493	321	586	89	246	146	802	644	118	134	180	702
985	971	660	735	327	993	336	586	273	617	263	328
26	435	2	571	610	679	140	633	427	980	656	147
542	649	854	668	195	657	31	677	102	163	652	501
760	448	359	734	902	426	268	993	361	807	468	304
221	745	860	477	624	643	539	341	230	694	415	950
630	564	82	223	627	871	303	57	274	66	479	666
438	880	420	510	401	28	360	166	359	642	794	317
993	804	504	237	457	470	566	825	205	528	74	212
819	589	73	341	878	169	786	384	341	322	265	847
165	191	396	720	221	886	371	333	211	815	23	623
560	492	102	399	788	862	427	833	792	353	577	12
599	911	2	343	738	530	172	35	172	422	505	351
691	116	525	27	593	260	68	271	450	601	594	318
143	62	350	256	188	118	447	743	227	461	402	964
531	908	455	902	582	475	68	117	213	219	115	577
669	940	567	705	559	195	345	439	688	761	736	556
140	347	394	467	186	437	989	875	550	37	355	621
816	897	533	126	510	579	331	491	43	385	674	680
907	167	674	572	704	274	31	410	699	166	109	672
445	139	824	598	559	772	913	102	917	412	759	241
473	87	412	774	525	288	647	163	7	937	885	231
250	15	831	281	313	606	150	419	485	689	524	317
638	645	545	555	158	988	20	507	693	743	893	411
303	716	934	369	926	145	770	355	698	8	103	829
740	80	296	498	855	587	233	546	734	905	390	761
959	518	816	232	79	924	701	208	343	688	839	746
906	626	875	536	405	509	68	599	906	712	13	353
724	337	328	116	409	826	260	543	248	323	491	79
597	81	854	547	378	829	294	329	432	511	399	320
211	553	850	386	490	447	17	478	35	316	469	461
989	164	968	314	207	799	140	929	31	607	928	491
341	587	101	65	63	565	329	455	707	147	454	548
945	3	799	225	810	128	969	541	934	569	847	828
144	17	402	986	858	577	129	983	220	880	634	795
918	486	363	969	477	631	632	310	844	912	597	567
472	915	119	166	509	726	770	94	828	191	310	440
627	605	606	333	659	545	390	58	728	698	670	883
454	929	486	488	327	694	986	45	134	764	250	845
369	845	524	250	669	735	851	959	16	888	492	808
186	696	475	517	529	931	79	796	205	174	306	124
165	32	592	525	603	843	557	715	107	805	628	323
272	611	85	15	767	613	977	386	327	545	318	728
717	85	46	96	980	444	87	713	402	456	904	801
16	564	272	212	147	719	906	190	250	942	72	186
310	594	617	940	757	733	775	77	993	345	465	922
731	549	588	716	660	640	639	156	958	628	78	556
685	60	330	327	78	367	608	706	362	971	777	215
422	706	999	455	926	92	492	762	208	523	477	10
508	400	554	647	184	85	835	108	619	616	746	344
976	417	991	116	787	123	655	200	642	380	138	9
742	333	717	569	239	247	377	122	299	674	584	518
773	416	320	941	309	725	272	924	573	400	499	188
507	183	698	471	801	685	384	495	508	845	56	952
346	93	654	537	163	12	717	820	872	865	966	251
366	438	144	953	424	60	740	503	934	667	208	660
92	117	411	622	83	145	827	984	922	369	577	743
604	700	285	238	632	926	275	682	927	187	837	909
461	866	840	374	173	701	879	938	308	290	7	648
468	49	225	261	723	603	718	760	178	124	31	972
742	832	58	754	746	655	981	779	401	929	62	997
779	985	247	162	717	63	437	150	111	241	924	669
539	523	390	671	538	737	634	637	168	401	472	391
164	471	738	448	513	842	600	222	238	728	302	890
642	754	342	581	226	545	872	705	4	872	482	769
128	846	622	37	682	169	641	732	691	108	495	90
57	364	152	549	162	124	641	65	262	853	317	876
221	159	324	403	991	14	977	700	339	924	943	471
989	986	627	611	45	121	21	974	74	526	181	329
500	305	657	102	151	780	583	988	913	440	711	600
604	526	260	339	866	596	402	653	708	902	120	640
730	645	532	320	317	738	7	750	63	306	420	102
827	809	438	695	732	340	878	897	774	710	917	646
463	119	859	322	149	922	594	195	247	160	129	34
987	204	644	877	423	93	767	428	74	531	260	621
247	137	849	113	266	356	923	633	614	382	906	984
867	539	382	529	182	356	791	707	973	401	190	977
466	984	35	745	597	439	835	551	366	696	202	267
992	824	128	568	665	332	29	684	991	310	587	91
2	167	712	979	801	713	239	273	940	547	790	322
506	520	277	539	464	353	625	850	175	679	332	154
799	695	749	497	943	167	695	640	304	194	943	820
392	940	551	758	462	703	775	779	992	820	851	889
576	228	992	57	946	907	31	554	382	909	266	173
359	538	782	932	793	676	509	557	404	892	618	934
420	724	614	809	361	413	146	250	8	788	717	308
304	926	925	924	203	995	5	653	625	214	659	834
496	252	266	431	598	827	673	842	40	114	98	645
134	611	180	337	316	408	658	332	589	73	855	612
25	709	9	91	233	238	149	447	207	59	122	855
451	817	371	359	149	934	305	674	59	366	286	111
450	632	68	145	61	918	705	9	583	714	687	571
67	875	453	302	431	229	201	202	42	318	976	734
490	981	766	243	918	269	439	34	750	769	411	782
115	788	306	264	807	208	727	689	320	141	543	808
745	680	573	79	370	977	102	530	452	27	446	640
644	555	36	377	308	781	656	115	419	863	725	896
333	685	185	595	409	424	989	413	763	490	169	540
416	660	351	477	977	461	310	480	37	417	159	760
461	202	222	631	774	984	555	661	579	566	695	26
102	54	809	988	100	141	809	357	748	686	234	180
938	538	867	568	909	99	10	434	552	901	170	883
341	938	284	136	299	169	195	617	526	3	980	104
659	744	96	370	834	504	920	677	730	245	534	800
332	852	561	78	747	327	767	562	98	846	484	361
290	553	418	929	843	393	257	560	502	588	591	938
592	458	38	889	915	580	492	343	314	83	801	908
919	193	314	409	722	79	167	765	864	945	364	77
157	817	282	35	727	555	577	67	896	763	229	323
453	46	779	626	533	138	114	823	201	131	500	805
508	538	376	34	725	407	407	445	671	609	768	891
76	107	166	744	784	283	257	298	319	97	530	564
346	494	362	323	97	193	380	527	691	800	21	589
221	427	656	378	406	186	424	142	985	763	238	139
318	365	579	548	301	332	504	799	104	504	571	406
354	769	203	494	758	92	823	853	252	656	612	37
491	56	810	248	246	844	848	624	757	685	985	698
763	481	260	275	271	605	346	705	176	645	615	608
799	210	902	885	990	8	471	106	255	817	228	801
166	234	446	462	527	719	975	804	421	521	601	272
642	776	948	196	952	629	164	467	6	153	71	86
358	941	424	928	330	416	223	62	34	820	402	169
50	650	568	156	486	645	607	33	848	940	63	372
688	838	117	995	328	817	602	325	842	459	421	119
845	594	345	947	113	77	31	688	668	221	512	50
941	510	532	386	144	817	794	456	263	539	783	469
266	667	175	588	391	541	528	696	922	281	531	89
612	517	686	680	718	291	589	844	495	786	941	441
135	56	890	418	556	393	379	389	652	159	448	729
422	7	167	448	892	840	859	697	214	19	353	368
626	873	609	448	275	827	776	333	205	336	535	5
204	783	713	148	7	176	394	638	834	828	507	399
486	866	597	724	615	462	5	28	854	544	766	887
805	944	746	840	120	102	61	452	112	453	474	202
340	861	338	467	222	476	518	215	643	561	693	895
897	131	458	491	264	898	402	51	577	388	859	611
382	874	526	234	714	131	550	809	51	410	251	442
588	863	558	947	331	162	724	189	546	460	373	921
401	975	241	793	485	111	638	509	223	308	119	955
244	525	568	375	949	296	380	603	226	504	524	499
632	18	417	882	996	773	506	323	531	411	805	531
16	545	829	875	847	893	9	936	926	26	288	764
11	394	391	380	600	516	26	425	643	584	65	745
335	787	536	899	902	464	21	477	284	823	973	908
403	826	685	837	613	375	904	921	929	577	58	163
357	207	113	575	437	790	652	516	791	194	780	527
224	30	348	673	343	205	868	567	81	129	928	176
831	617	971	917	366	1	73	329	510	627	729	687
374	275	654	554	399	139	844	255	711	178	951	806
236	517	323	471	48	282	714	659	336	239	936	702
209	578	48	720	864	490	565	884	492	169	353	404
374	975	221	272	691	638	559	912	195	98	55	907
620	613	503	484	591	214	204	373	447	650	777	301
652	944	727	698	580	697	134	588	152	684	543	708
927	371	388	972	168	803	266	224	806	851	481	867
982	821	696	927	744	897	870	255	222	767	554	554
755	676	962	606	406	155	244	755	677	400	931	210
16	938	227	496	357	557	959	533	574	422	17	692
39	123	916	849	256	646	3	414	870	326	447	405
606	484	209	498	329	143	51	151	848	139	228	71
603	551	907	143	668	487	383	327	922	430	460	119
655	644	551	901	755	923	538	56	13	507	40	927
692	433	326	694	648	639	585	315	125	726	619	458
436	220	136	478	776	132	137	867	701	127	936	654
69	938	679	918	564	638	66	605	678	774	51	102
929	262	894	146	84	170	232	425	670	574	662	445
905	648	290	616	695	183	865	385	767	299	405	815
274	453	991	984	786	763	125	2	602	413	326	746
32	424	427	429	561	635	2	316	614	143	291	279
403	991	509	971	925	859	866	370	747	52	669	118
481	254	542	721	250	599	125	932	719	379	366	597
835	179	387	67	748	217	213	618	71	620	655	153
164	882	456	937	833	737	655	129	258	941	445	570
924	966	550	31	755	279	766	769	454	262	9	38
519	448	588	643	680	826	952	129	335	392	96	555
865	601	8	555	5	3	521	584	290	196	802	10
501	63	930	102	450	356	778	393	947	661	210	8
622	443	189	519	691	741	541	509	510	245	975	758
185	484	601	867	575	673	885	434	663	688	906	478
920	243	751	441	485	240	769	397	645	403	685	259
695	670	984	683	227	494	727	3	39	715	677	366
316	75	176	424	114	34	609	968	253	220	948	14
584	523	84	688	177	314	83	806	428	40	380	610
750	240	942	90	54	418	12	108	256	239	95	606
656	192	712	877	735	712	551	797	384	319	392	49
479	862	14	907	405	484	442	627	464	414	270	206
141	87	314	640	928	144	640	381	158	404	694	693
78	100	770	513	357	32	985	602	627	597	706	881
913	747	934	969	130	480	174	689	140	183	296	650
708	688	479	258	611	230	351	624	207	22	671	897
907	467	9	709	192	238	889	725	423	516	289	15
319	942	388	363	888	633	246	96	243	557	146	107
106	204	821	286	87	464	567	378	534	602	699	549
527	271	108	714	263	902	29	834	625	66	590	668
13	663	670	318	445	836	623	613	396	351	989	92
215	997	209	725	742	467	188	291	138	874	238	434
800	468	430	455	591	469	131	453	527	341	932	18
590	166	524	38	267	884	101	56	52	323	858	629
547	100	924	981	524	957	171	130	316	487	590	427
752	538	183	976	585	565	368	445	879	589	15	518
522	597	396	295	438	98	194	706	380	552	46	250
291	61	764	187	641	602	562	950	682	841	588	749
756	564	256	452	936	745	459	539	232	51	461	691
297	400	243	820	405	221	898	965	309	946	51	587
323	486	352	47	415	173	338	233	713	928	577	416
151	193	681	231	606	925	54	944	121	318	504	580
713	239	92	13	360	381	517	116	913	140	246	351
521	586	178	547	995	706	809	218	579	726	2	882
508	549	28	678	109	32	240	777	475	672	783	171
366	926	455	260	643	366	580	667	847	875	722	609
925	39	573	873	659	556	980	894	920	592	291	991
712	880	22	934	360	651	874	810	535	204	503	606
822	907	528	874	452	35	842	635	210	862	377	569
184	18	295	744	427	517	359	672	613	629	501	536
200	376	603	974	401	364	662	864	329	88	156	31
457	356	679	534	468	824	127	819	293	659	371	658
245	30	406	674	917	946	30	61	624	864	954	1
564	345	794	664	218	981	127	989	938	422	916	847
479	47	766	864	332	130	240	806	926	850	891	764
82	830	350	153	769	425	377	764	387	324	634	6
854	704	552	687	318	937	186	150	151	218	329	81
150	136	507	982	471	252	223	733	530	117	718	129
563	879	52	879	220	221	110	140	622	399	714	945
771	822	727	834	136	75	140	634	360	12	443	177
890	98	750	515	742	336	205	977	57	265	513	876
526	117	710	252	281	746	685	301	730	620	374	688
696	936	490	996	695	343	791	957	757	899	472	302
909	579	89	240	843	364	692	387	470	211	599	904
64	278	79	190	484	124	784	844	650	321	594	214
379	268	291	803	470	530	336	700	931	125	370	203
304	558	985	819	137	635	173	755	958	818	650	206
611	378	864	171	584	229	595	228	484	300	290	160
35	869	980	185	623	81	653	493	842	209	745	92
236	670	887	536	989	765	526	640	393	140	227	250
562	106	327	225	969	848	82	352	178	579	160	630
110	297	997	380	475	596	800	864	257	28	58	198
530	507	867	658	274	782	382	954	187	345	24	170
805	495	771	851	837	89	658	208	715	133	398	964
56	281	244	544	210	755	458	688	222	793	670	541
435	512	882	469	335	825	56	949	450	523	903	473
295	151	142	407	166	855	238	173	365	557	175	23
920	614	748	312	696	983	468	255	862	985	787	735
895	480	853	460	11	340	577	253	693	15	228	627
54	760	55	115	418	667	874	424	659	796	950	41
176	178	904	133	985	30	961	652	893	632	992	195
31	347	800	618	461	384	920	889	967	312	233	42
196	135	914	655	257	220	899	671	782	240	594	352
47	789	961	575	493	870	278	58	502	727	152	349
446	456	99	495	183	322	117	951	114	40	402	630
113	942	684	702	848	504	890	680	323	827	329	842
814	96	730	129	936	785	99	423	109	293	468	774
379	990	627	913	405	476	617	2	849	684	556	365
317	176	296	305	694	400	291	129	70	711	767	720
465	493	190	906	856	531	704	52	742	412	467	896
103	248	6	807	295	460	469	866	101	386	945	367
709	194	871	638	175	534	608	398	130	148	988	929
402	736	752	869	924	668	476	783	181	852	269	681
900	865	497	846	880	385	820	287	268	322	745	178
579	337	795	796	442	290	324	2	912	536	91	448
838	843	684	247	808	975	91	957	506	646	674	611
315	815	60	684	841	518	372	149	245	563	582	69
878	247	429	397	73	388	135	638	128	865	815	445
639	148	696	974	239	796	131	170	880	375	731	381
724	447	628	188	9	428	318	446	301	507	950	587
503	641	664	297	799	885	204	182	877	689	393	632
950	823	288	845	637	531	795	171	212	590	142	70
98	152	531	816	927	736	882	817	512	323	30	482
559	307	132	781	905	974	266	652	636	764	370	889
116	285	80	728	89	121	908	872	528	295	10	273
530	819	380	908	281	300	166	817	216	940	979	976
996	590	19	468	471	945	206	712	418	188	734	628
581	535	630	602	107	430	244	829	67	272	369	405
967	640	934	969	458	24	602	807	229	359	901	983
660	813	344	509	197	636	355	723	916	325	757	781
655	424	877	589	578	409	607	6	146	743	717	921
854	47	342	594	639	903	689	832	654	649	153	659
477	473	44	979	777	327	64	355	861	410	129	885
276	156	153	654	540	871	185	466	541	351	572	631
873	81	123	113	849	463	760	79	778	566	836	266
591	329	648	205	798	41	960	227	794	613	415	436
396	615	219	282	493	436	572	918	19	194	890	997
648	305	213	30	537	136	663	692	460	200	233	471
779	4	922	807	70	881	873	405	494	244	49	774
800	670	268	441	748	185	353	968	376	17	836	377
650	928	935	921	112	646	550	827	235	497	45	811
22	329	661	52	457	956	917	877	666	266	343	595
191	586	253	410	585	152	325	48	161	215	607	493
740	926	143	734	25	133	994	458	406	434	297	891
711	436	192	563	38	666	614	345	104	524	266	397
152	194	494	384	663	763	943	366	883	990	201	625
933	314	284	474	59	782	76	228	784	259	711	803
524	33	57	626	963	992	31	136	315	650	151	582
391	437	671	438	16	583	851	997	643	783	1	596
68	397	234	358	835	561	571	755	378	351	624	473
859	756	865	563	104	37	197	319	930	675	694	482
82	282	575	588	357	762	413	478	304	997	182	509
77	246	711	342	836	578	360	573	953	108	518	41
735	233	679	382	152	484	284	126	313	774	27	231
70	726	802	301	85	8	432	877	200	124	294	881
518	373	852	260	786	161	196	287	658	59	748	531
773	876	369	242	105	159	70	902	669	472	69	34
488	206	318	56	853	794	988	340	688	346	186	93
215	420	23	755	952	382	578	490	642	737	466	141
402	900	966	101	276	489	561	881	525	147	280	80
348	6	628	6	975	747	178	194	408	622	19	900
121	935	345	387	191	478	447	338	785	88	887	69
63	602	286	816	772	394	261	422	215	470	921	77
692	226	144	497	8	488	649	846	259	478	513	503
494	809	1	843	960	654	726	55	634	760	368	10
124	797	102	58	328	965	461	529	605	249	83	309
158	903	511	325	727	728	164	401	209	428	913	632
142	989	688	399	437	331	648	6	794	259	108	271
975	285	840	537	290	899	153	795	394	101	276	67
118	638	201	830	575	670	910	412	239	98	507	733
240	637	523	543	325	507	348	303	586	196	732	574
399	115	354	463	450	600	738	698	687	175	235	950
676	350	938	263	882	20	868	325	583	650	519	941
765	740	285	168	200	644	772	947	971	808	881	554
973	483	155	856	694	62	321	826	857	354	867	739
811	17	216	230	126	647	648	628	708	492	785	107
171	558	16	429	858	230	941	730	705	144	433	545
473	286	332	542	770	270	902	499	325	257	789	156
936	389	900	912	403	156	378	674	253	674	402	655
681	894	239	7	976	691	775	759	44	996	126	897
853	587	36	215	213	597	463	663	852	875	460	757
611	772	145	271	160	703	292	494	138	180	86	990
356	818	899	527	737	92	694	7	888	370	748	62
774	860	349	65	410	122	946	585	164	61	522	750
975	732	627	509	795	878	910	312	368	23	260	99
620	593	802	98	356	454	936	658	127	944	413	244
253	419	804	46	351	802	542	237	555	983	566	800
530	905	828	783	730	405	943	931	681	376	541	231
23	632	305	368	412	476	20	753	888	381	971	927
194	528	1	288	24	25	363	312	257	518	693	532
258	591	942	161	724	264	982	389	743	404	705	702
309	42	79	210	286	720	32	694	344	387	229	190
881	464	31	175	783	525	296	14	711	770	459	479
551	882	417	264	430	290	993	714	521	616	578	475
976	846	996	264	19	669	932	586	372	364	903	761
721	560	732	907	959	662	198	627	879	376	443	731
894	400	993	83	913	951	67	436	250	219	104	257
465	569	194	815	291	113	348	792	889	298	663	469
204	883	176	823	392	704	296	772	344	265	586	351
959	243	476	935	311	931	837	693	365	804	698	507
758	924	911	389	273	366	417	436	988	661	818	471
789	653	361	806	893	44	628	516	681	819	293	821
773	840	625	782	96	573	77	742	659	721	741	839
120	122	606	888	933	713	102	298	813	900	579	14
970	770	129	942	58	681	63	737	874	705	999	718
830	573	729	309	892	161	458	200	349	662	257	326
25	426	330	647	232	495	211	299	467	958	644	335
161	999	671	161	507	620	225	245	856	218	583	581
1000 922 277 771 105 91	993	926	545	365	486	80
655	236	763	840	816	600	414	96	543	976	959	589
801	496	530	914	419	773	165	444	281	987	520	858
612	316	314	957	723	875	343	780	427	884	198	369
219	759	986	708	362	673	994	320	677	433	112	24
425	118	937	538	402	229	514	521	248	727	95	903
643	900	230	244	569	862	582	563	867	6	857	772
707	217	751	62	880	80	787	710	957	23	837	835
535	411	639	772	225	390	778	45	34	94	555	485
989	411	90	604	497	189	260	841	55	441	27	457
473	639	918	861	715	385	484	349	743	543	822	592
858	376	239	817	741	986	617	335	237	175	340	553
13	636	531	274	868	510	989	654	405	636	178	251
909	711	663	708	890	431	39	964	131	257	933	527
246	520	709	301	938	214	914	483	871	808	139	828
396	866	608	591	84	801	409	954	129	429	397	13
696	736	337	396	533	55	728	764	665	612	550	882
595	288	806	161	517	312	330	734	475	566	964	545
407	392	200	87	320	787	803	399	458	299	960	476
783	92	240	877	999	834	670	499	5	74	804	967
108	599	90	813	834	958	121	53	69	888	433	344
534	365	889	165	156	621	191	795	824	27	393	810
279	817	767	437	727	108	760	504	281	895	475	602
817	222	5	482	687	789	348	844	441	201	56	721
624	696	463	96	34	370	101	979	648	741	102	775
909	234	825	491	180	793	355	292	765	720	691	608
789	521	191	850	564	653	605	642	753	283	87	952
975	997	609	176	964	856	127	484	458	740	178	204
949	166	894	912	10	724	370	604	27	712	111	478
268	469	685	851	506	221	563	317	646	898	948	405
781	362	629	118	51	845	443	604	542	138	879	67
840	389	642	198	525	360	749	866	859	497	639	990
200	233	731	541	571	903	648	82	493	616	96	277
953	791	286	798	372	103	909	876	367	601	323	307
498	916	299	988	849	106	703	998	161	583	50	794
199	660	171	411	628	271	278	118	1	341	706	484
853	588	755	648	513	921	514	355	85	275	439	870
454	242	965	725	568	541	403	828	854	668	950	223
432	350	769	87	786	519	828	870	691	156	245	606
728	36	384	979	512	282	263	774	652	54	428	760
541	755	401	483	554	401	112	805	64	378	229	523
204	504	245	442	534	945	368	977	787	913	221	265
671	766	708	610	358	453	954	627	604	270	59	602
811	312	392	173	75	787	752	389	269	324	894	832
637	903	660	307	561	830	44	334	154	276	623	382
702	477	690	969	710	78	309	243	10	287	429	926
715	98	155	557	769	7	581	683	549	388	588	8
422	104	972	482	210	282	924	6	431	400	762	886
458	917	432	784	449	867	897	419	39	275	768	974
801	306	95	436	987	55	501	796	751	497	276	522
286	639	118	15	253	875	809	484	12	874	868	426
589	949	656	754	232	118	431	636	253	743	7	790
354	574	47	446	462	813	115	159	531	204	479	604
250	145	884	949	786	26	613	433	11	568	798	394
624	347	366	87	187	575	61	423	323	528	498	819
166	375	241	834	105	362	400	426	241	512	270	159
952	625	498	693	854	968	704	820	648	119	581	607
567	785	819	398	779	204	615	461	642	929	884	767
705	434	638	482	672	771	486	203	626	384	648	873
990	262	737	453	367	568	753	980	864	161	792	167
304	938	571	252	118	680	282	855	603	114	570	101
98	468	687	263	573	710	203	154	688	119	735	679
406	951	965	77	384	147	434	283	961	334	370	853
550	739	545	346	676	262	283	789	1	911	838	227
192	573	113	715	149	177	690	566	837	535	771	814
190	646	999	584	663	691	676	310	537	329	265	245
317	893	522	396	689	319	396	761	128	477	903	467
361	717	948	317	973	37	313	555	233	302	822	340
87	115	168	127	673	568	433	860	892	64	603	228
138	589	435	44	257	704	995	84	974	155	536	897
283	886	635	884	943	392	760	157	439	592	347	874
215	755	581	395	450	273	861	83	376	499	666	734
330	204	442	372	17	8	18	366	801	302	424	944
195	110	455	92	140	116	410	989	8	668	629	700
398	241	604	512	843	608	298	872	276	179	201	314
342	434	52	135	48	128	496	936	213	381	880	305
179	952	238	202	427	297	336	958	783	718	913	869
435	713	157	997	245	933	900	885	808	43	925	811
527	608	198	127	406	729	338	870	298	839	966	969
187	472	782	574	825	457	119	852	465	762	905	75
930	737	354	659	280	97	606	89	267	672	199	806
580	706	704	410	407	616	187	240	244	620	953	149
946	576	350	20	156	672	520	225	634	600	207	107
666	126	633	736	854	695	243	195	15	254	264	296
195	285	645	870	443	667	598	224	503	985	840	714
955	622	887	496	104	936	130	303	177	209	911	503
99	307	770	396	317	410	522	629	991	872	83	603
178	428	26	168	811	644	348	778	550	839	123	146
85	503	425	845	918	891	345	78	257	326	357	271
258	52	941	446	370	450	186	723	953	959	163	388
887	180	681	219	719	619	709	676	966	775	607	873
521	979	124	638	383	935	638	510	618	871	123	528
83	318	863	329	246	953	952	811	415	940	437	106
913	982	365	707	477	311	320	883	283	542	334	433
598	553	113	761	27	386	250	209	851	181	359	698
111	385	800	185	70	937	436	487	277	535	498	283
719	24	826	78	922	89	242	101	77	66	17	787
170	386	957	216	805	858	427	126	186	95	708	283
437	203	460	34	380	199	407	928	84	512	785	189
278	34	437	433	78	428	258	973	502	250	270	33
890	245	862	776	118	201	2	902	627	937	225	582
350	559	804	403	838	906	712	208	8	176	766	918
522	41	606	499	995	115	950	601	415	465	198	984
58	92	824	351	946	576	158	753	144	858	616	604
315	621	466	678	93	980	238	851	450	493	393	201
453	654	553	668	938	134	152	187	449	813	582	214
791	674	781	585	945	960	752	75	948	243	806	309
584	640	383	94	660	764	206	824	243	77	416	933
906	642	557	70	762	245	816	191	968	215	405	144
158	899	315	988	199	788	885	327	366	906	490	731
492	39	465	250	709	407	101	371	775	57	147	717
283	90	760	861	915	242	694	628	800	217	207	288
508	552	863	276	732	873	733	555	497	553	774	63
215	271	502	535	982	926	958	712	59	225	488	488
267	84	587	241	246	362	476	592	316	526	541	996
358	752	312	61	777	988	380	333	442	353	621	764
600	973	601	148	647	6	615	410	130	925	526	95
860	964	398	370	312	782	333	426	590	259	817	657
663	999	502	887	369	267	259	976	885	327	283	433
549	55	313	792	329	539	21	573	123	585	620	646
14	592	595	197	389	558	52	613	684	743	309	352
554	899	633	876	681	443	959	187	466	572	210	216
483	297	44	409	348	932	746	87	67	134	225	987
14	936	76	328	742	256	611	877	106	182	908	522
496	424	824	686	53	578	220	639	922	241	553	698
57	282	589	600	692	406	512	862	383	735	114	897
409	223	303	61	653	49	632	39	517	724	63	316
973	923	480	42	59	435	762	897	480	54	125	915
841	238	145	616	376	77	470	181	641	167	672	803
378	339	404	704	900	52	709	483	209	761	948	319
734	708	722	502	413	140	233	102	709	847	990	657
304	529	333	13	101	239	128	470	716	334	588	627
718	729	782	205	126	755	811	207	928	805	208	996
856	577	922	13	686	636	863	221	648	690	796	264
829	526	984	387	58	714	722	209	554	445	666	64
454	869	543	815	915	590	961	689	999	154	944	641
490	923	811	987	157	276	99	603	873	249	664	533
95	990	608	518	314	816	728	143	449	462	708	781
370	458	216	894	817	444	570	408	608	522	471	471
42	241	126	174	559	63	462	843	87	202	196	967
120	88	409	431	923	642	892	187	452	836	177	592
827	685	98	474	857	480	378	398	462	22	612	597
610	838	754	247	7	656	465	367	401	306	184	377
515	601	272	209	288	157	10	832	731	802	508	531
776	447	15	857	328	849	455	888	509	779	510	987
856	369	602	119	17	382	589	358	874	2	987	963
736	477	434	301	327	92	844	420	20	591	279	972
182	316	746	909	256	57	844	823	746	965	635	941
410	165	248	590	891	786	917	394	607	503	939	882
719	594	428	202	635	976	971	340	624	654	978	668
783	928	414	648	25	452	71	980	305	952	651	61
101	203	659	144	130	128	730	610	62	294	972	471
808	723	951	522	133	749	117	346	812	467	702	786
790	262	108	934	308	97	136	399	560	178	243	879
541	707	586	374	696	778	534	389	414	964	783	858
210	646	529	182	141	578	716	842	8	764	956	941
162	860	677	553	236	8	5	504	46	559	647	816
700	191	470	655	522	604	652	888	295	965	236	574
721	137	380	231	527	41	68	595	530	118	39	692
298	361	870	195	648	382	185	353	799	760	623	582
564	750	617	647	734	731	355	617	3	517	700	921
142	112	28	923	855	152	468	328	718	671	731	786
355	391	461	2	747	841	14	628	188	307	810	817
411	808	966	950	926	200	421	539	653	111	316	695
597	336	459	275	819	463	16	346	800	650	95	203
64	788	614	916	264	885	56	332	581	932	557	779
391	943	396	676	216	957	774	886	420	290	722	195
252	717	565	243	642	72	491	166	372	895	90	546
130	877	22	5	286	424	426	706	73	435	874	208
793	39	199	366	54	973	66	895	852	860	481	864
220	218	926	457	812	675	89	684	23	519	67	262
439	67	504	370	880	735	774	9	310	158	862	710
613	427	965	437	507	38	502	895	778	924	415	196
380	80	753	468	307	347	423	356	86	974	492	305
544	265	334	902	294	719	704	235	217	347	467	119
874	972	37	519	132	435	250	55	957	187	570	894
465	33	525	763	477	265	700	423	647	467	861	583
102	877	558	118	344	573	712	999	345	397	672	189
588	363	1	184	622	954	584	841	524	176	983	39
734	16	291	623	932	689	16	227	128	277	441	881
506	243	969	248	648	175	942	893	86	168	308	586
880	880	777	632	146	523	722	673	378	470	193	745
10	16	810	545	448	305	607	371	490	971	426	438
214	118	254	21	200	673	497	233	860	433	334	205
740	480	95	106	603	1000 379 593 836 711 825 707
730	42	241	906	213	955	691	32	554	688	661	272
296	551	845	925	153	432	463	106	67	248	811	917
234	339	773	269	103	43	510	915	236	767	885	371
942	47	160	323	857	86	109	534	97	986	818	520
751	598	248	505	822	188	529	195	467	926	492	474
899	487	69	697	716	193	362	180	7	595	525	206
930	10	480	988	472	970	868	134	244	83	485	235
202	975	334	577	240	629	742	193	405	44	598	948
926	415	295	409	691	135	644	97	935	469	880	989
733	862	548	658	84	487	43	235	859	890	263	532
437	244	466	880	131	872	296	254	646	60	676	346
686	11	916	928	301	263	235	617	973	74	444	683
142	433	519	562	184	739	350	837	760	9	864	553
401	534	232	981	774	464	376	172	343	570	488	949
208	532	85	478	702	184	842	884	482	236	846	339
892	433	412	164	687	606	698	3	277	244	262	612
175	599	800	238	710	999	484	312	42	861	569	106
366	222	118	298	938	474	105	172	924	329	829	141
742	740	545	631	371	555	174	474	138	786	234	772
52	818	214	874	676	952	361	368	469	493	43	168
583	827	762	310	800	747	195	471	763	365	247	869
315	891	336	86	756	213	447	788	299	690	246	7
296	330	751	743	747	562	693	970	650	599	701	799
681	415	623	697	442	718	121	755	271	424	692	52
122	689	183	798	924	753	202	158	980	774	522	235
59	248	313	263	458	330	174	94	939	465	916	233
637	770	115	877	927	717	680	520	951	629	979	920
95	469	121	75	778	913	662	654	87	365	568	684
566	125	63	826	420	599	313	71	441	517	598	522
344	434	94	29	216	841	253	514	402	316	330	534
414	651	818	115	617	966	467	552	892	365	27	18
482	197	699	883	694	360	239	612	604	886	875	805
400	602	905	41	647	997	4	141	297	3	855	837
118	116	7	906	105	678	63	845	747	441	712	688
636	326	242	214	241	75	744	168	462	75	429	507
406	320	761	293	45	180	480	859	1	173	560	859
852	149	184	115	76	793	763	324	113	989	594	731
980	558	526	10	691	20	340	904	285	881	709	713
234	212	84	11	615	905	158	170	451	542	942	779
692	857	417	87	50	64	309	677	240	209	181	228
601	427	821	251	686	405	429	742	589	875	787	868
315	762	609	599	200	944	374	45	609	420	487	469
895	139	805	862	995	296	966	856	245	744	918	41
406	169	374	817	211	295	952	399	640	90	431	393
832	125	644	256	464	78	954	412	422	753	991	219
309	886	134	601	292	530	712	529	919	681	345	129
156	370	447	705	701	158	956	723	905	102	293	447
437	754	916	375	372	21	707	111	805	314	534	273
133	88	875	832	311	879	891	127	91	892	397	543
735	740	284	243	441	537	483	275	83	520	557	688
758	279	125	191	500	794	1	203	123	555	364	575
368	456	927	821	58	931	947	360	828	791	679	225
665	501	531	148	722	842	248	132	975	936	340	851
907	6	20	305	770	395	147	51	754	513	289	720
867	90	535	633	462	51	110	657	265	304	239	455
305	588	632	350	893	567	164	169	739	154	956	974
697	557	870	977	909	144	778	740	184	593	517	58
302	797	850	116	383	701	392	677	470	249	392	626
502	400	7	715	545	776	380	435	599	544	194	203
162	139	139	93	797	461	608	723	854	455	739	753
685	808	881	118	194	660	735	336	193	438	838	412
808	670	893	967	696	871	535	53	808	374	980	334
365	984	546	445	370	386	449	316	391	282	154	120
428	187	321	717	9	431	158	390	826	386	945	37
638	633	291	719	853	850	712	968	798	417	576	349
34	589	108	360	622	822	689	268	319	836	896	112
251	839	877	353	676	233	683	426	313	293	839	265
299	622	421	996	964	775	532	997	448	622	60	25
154	424	175	665	619	656	917	667	566	929	878	997
170	522	832	507	146	803	23	836	490	515	204	625
260	663	227	64	789	28	427	332	739	983	970	172
66	481	227	806	79	517	589	840	445	774	73	617
776	818	541	497	789	26	664	348	597	984	90	476
711	819	818	444	758	266	115	969	151	898	137	301
120	280	359	355	260	129	301	35	778	499	771	57
618	101	113	909	660	112	148	533	328	783	88	724
751	123	602	975	673	567	239	389	151	521	531	937
283	516	941	356	656	159	771	613	86	426	644	663
761	477	218	401	420	120	165	181	788	464	169	239
158	600	847	415	732	906	498	310	730	445	394	989
862	939	740	87	246	672	524	791	798	650	656	725
508	308	540	537	615	41	972	222	587	552	855	20
54	185	856	114	606	327	789	850	512	398	97	33
482	500	480	64	602	896	30	399	827	827	258	872
149	251	462	75	669	675	885	280	256	443	93	823
909	763	484	226	853	644	236	997	42	20	104	671
942	302	69	634	469	820	103	625	551	405	352	679
397	361	764	104	570	845	54	426	770	167	477	636
284	123	363	384	829	986	59	325	916	225	610	206
671	741	564	941	846	989	508	106	189	948	473	198
649	263	313	185	427	174	76	736	523	763	113	170
672	284	944	628	432	340	216	267	280	589	93	296
435	383	223	8	538	104	393	54	222	498	84	682
395	145	238	805	19	126	202	588	504	3	910	769
486	181	654	924	21	469	783	46	382	74	133	627
852	650	719	165	197	17	433	134	458	612	347	206
924	157	319	737	648	559	414	988	709	373	730	18
265	196	805	480	163	91	36	476	359	101	779	523
416	400	18	577	573	286	962	582	709	951	831	664
871	612	839	710	120	521	888	686	565	728	10	234
351	654	237	490	737	265	121	870	762	351	845	274
997	707	802	229	835	821	235	286	707	547	24	935
118	415	197	333	756	474	664	658	368	655	105	120
268	366	261	456	137	970	546	372	275	90	475	970
300	185	531	653	775	12	956	766	662	267	204	896
701	328	995	294	173	217	250	959	780	814	460	120
639	958	409	246	537	391	243	354	624	24	339	19
969	533	325	971	671	448	30	944	148	13	123	916
95	62	714	310	552	864	724	717	559	35	499	598
242	341	997	180	665	61	183	583	395	344	573	440
482	618	922	237	809	283	990	845	250	852	284	497
163	785	42	636	582	296	928	962	416	586	673	298
405	125	149	88	207	306	198	159	428	325	179	36
616	363	239	672	599	292	468	239	672	74	498	1
221	85	27	900	581	827	259	241	398	650	764	713
479	272	867	947